4294967279,123
4294967279,121
194,4
96,4
87,4
86,4
79,4
175,7
199,7
124,5
33,5
33,4
77,5
4294967294,1448
206,4
201,4
4,4
6,5
175,6
52,4
153,4
168,4
4294967294,480
4294967294,1532
4294967294,477
4294967294,481
4294967294,1513
4294967294,1514
4294967294,478
4294967294,104
4294967294,106
4294967294,166
4294967294,24
4294967294,168
4294967294,162
4294967294,12
171,4
4294967294,68
4294967294,11
172,6
4294967294,186
4294967279,116
4294967279,115
154,3
4294967278,114
4294967294,1415
4294967294,1420
4294967278,234
4294967279,233
4294967278,232
4294967279,231
398,6
398,5
398,4
4294967278,224
398,3
398,2
398,1
4294967279,105
2,3
4294967279,218
4294967279,213
4294967278,212
170,4
4294967278,211
4294967279,211
4294967279,348
4294967279,293
169,4
396,5
396,4
396,3
396,2
396,1
4294967278,198
4294967294,198
4294967294,196
4294967294,419
167,4
395,4
395,3
395,2
395,1
4294967278,271
4294967278,268
394,6
394,5
394,4
394,3
394,2
394,1
166,4
4294967279,288
4294967279,297
4294967294,208
165,4
392,5
392,4
392,3
392,2
392,1
4294967278,156
4294967279,282
4294967278,253
164,4
391,4
4294967278,147
391,3
391,2
391,1
4294967294,426
163,4
390,4
390,3
390,2
390,1
4294967279,278
4294967278,250
162,4
4294967279,269
389,4
389,3
389,2
389,1
4294967294,408
4294967294,396
4294967294,406
4294967294,1073
4294967294,177
4294967294,479
4294967294,457
4294967294,456
4294967294,464
4294967279,259
161,4
388,4
388,3
388,2
388,1
4294967279,275
160,4
387,4
387,3
387,2
387,1
4294967279,267
4294967279,266
4294967279,257
4294967294,1459
159,4
386,4
386,3
386,2
386,1
4294967294,1411
4294967294,1042
4294967294,1034
4294967294,163
4294967278,113
4294967278,103
4294967278,102
4294967278,92
4294967278,89
4294967278,82
4294967278,81
4294967278,41
4294967278,38
4294967278,36
4294967278,20
4294967278,19
4294967278,215
4294967279,104
4294967279,103
4294967279,214
4294967279,102
4294967279,94
4294967279,401
4294967279,78
4294967279,72
4294967279,402
4294967279,16
4294967279,10
4294967279,174
4294967294,1422
158,4
385,5
385,4
385,3
385,2
385,1
4294967294,1426
4294967279,93
4294967278,235
157,4
384,5
384,4
384,3
384,2
384,1
4294967279,92
4294967278,91
4294967278,311
4294967279,91
4294967279,309
4294967278,233
4294967294,1550
4294967278,200
4294967279,200
4294967279,199
156,4
4294967279,198
383,5
383,4
383,3
383,2
383,1
4294967279,81
4294967278,80
4294967279,80
201,3
4294967278,229
4294967278,79
4294967278,77
4294967278,306
155,4
4294967279,188
4294967278,187
4294967278,185
4294967279,187
382,4
4294967278,186
382,3
382,2
382,1
4294967279,186
4294967294,1500
4294967279,70
4294967279,303
4294967278,69
4294967279,69
4294967278,67
4294967279,67
152,4
4294967278,177
4294967279,175
4294967279,177
381,5
4294967278,176
381,4
4294967279,176
381,3
381,2
381,1
4294967278,175
4294967279,61
4294967278,301
4294967278,59
4294967279,59
4294967278,170
4294967278,169
4294967278,300
4294967279,57
151,4
4294967278,166
4294967279,164
4294967294,416
4294967279,166
380,5
4294967278,165
380,4
4294967279,165
380,3
380,2
380,1
4294967278,164
4294967279,51
4294967278,297
4294967279,298
4294967278,49
4294967279,49
4294967278,160
4294967279,160
4294967278,47
4294967278,159
4294967294,1536
4294967279,47
4294967279,159
4294967278,158
4294967279,158
150,4
4294967294,1568
4294967279,157
4294967279,153
4294967279,155
379,5
379,4
4294967279,154
379,3
379,2
379,1
4294967278,154
4294967279,31
4294967278,40
4294967279,40
4294967278,39
4294967278,292
4294967279,39
4294967279,149
4294967278,149
4294967279,37
4294967279,148
4294967279,291
4294967278,148
4294967279,147
4294967278,146
4294967279,142
4294967279,145
378,7
4294967278,145
378,6
4294967279,144
378,5
4294967278,144
378,4
4294967279,143
378,3
378,2
378,1
4294967278,143
4294967294,201
4294967279,30
4294967278,29
4294967279,29
4294967278,28
4294967278,287
4294967279,28
4294967278,139
4294967279,138
4294967294,204
4294967278,26
4294967278,138
4294967279,273
4294967279,26
4294967278,274
4294967279,136
149,4
4294967279,135
4294967278,135
4294967279,134
4294967278,134
4294967279,133
4294967278,133
4294967279,272
4294967278,273
4294967279,19
4294967278,18
4294967278,269
4294967279,18
4294967279,270
4294967278,17
4294967278,282
4294967279,268
4294967278,15
4294967278,281
4294967279,265
4294967278,267
148,4
4294967279,263
4294967278,265
4294967278,263
4294967279,262
376,4
4294967278,264
376,3
376,2
376,1
4294967279,283
4294967279,9
4294967278,126
4294967278,8
4294967279,8
4294967278,217
4294967278,7
4294967279,7
4294967278,258
4294967279,256
4294967278,5
4294967294,1567
4294967278,257
4294967279,5
4294967279,255
4294967279,281
4294967278,256
4294967279,253
4294967279,252
375,10
375,9
375,8
375,7
375,6
375,5
375,4
375,3
375,2
375,1
4294967279,114
4294967279,369
4294967279,125
4294967278,124
4294967279,124
4294967279,400
4294967279,249
4294967279,122
4294967294,1566
4294967278,121
4294967278,245
4294967279,244
4294967278,243
4294967279,242
4294967278,242
4294967279,241
4294967279,113
206,3
4294967294,1565
4294967278,228
4294967279,227
4294967278,226
4294967279,225
4294967279,223
4294967278,216
4294967294,1530
4294967294,1529
4294967294,1531
4294967279,368
4294967279,210
4294967294,1564
4294967279,209
4294967279,201
4294967278,205
4294967278,204
4294967294,1416
4294967294,392
4294967294,1547
4294967294,1563
4294967278,196
4294967279,195
4294967279,194
4294967278,188
4294967294,1471
4294967294,1562
147,4
4294967278,178
4294967279,365
146,4
4294967279,168
4294967278,167
369,5
369,4
369,3
369,2
369,1
368,6
368,5
368,4
368,3
368,2
368,1
4294967294,1499
4294967294,387
145,4
4294967278,329
4294967279,364
366,6
366,5
366,4
366,3
366,2
366,1
144,4
364,6
364,5
364,4
364,3
364,2
364,1
4294967294,1413
4294967294,115
4294967278,125
143,4
4294967278,123
4294967278,252
4294967279,248
4294967278,249
4294967279,247
4294967278,247
4294967294,1412
4294967294,89
200,3
4294967294,1528
4294967278,240
4294967279,239
4294967278,238
4294967279,237
4294967278,237
4294967279,236
142,4
4294967279,229
362,5
362,4
362,3
362,2
362,1
4294967278,230
4294967294,83
199,3
4294967294,1515
4294967278,222
4294967279,221
4294967278,220
4294967279,219
4294967278,218
4294967279,217
141,4
4294967279,215
4294967278,214
361,5
4294967278,213
361,4
361,3
361,2
361,1
4294967278,112
4294967278,111
4294967278,109
4294967278,101
4294967278,100
4294967278,99
4294967278,96
4294967278,72
4294967278,70
4294967278,62
4294967278,60
4294967278,52
4294967278,50
4294967279,112
4294967279,111
4294967279,109
4294967279,100
4294967279,99
4294967279,89
4294967279,85
4294967279,83
4294967279,65
4294967279,62
4294967279,60
4294967279,58
4294967279,55
4294967279,52
4294967279,50
4294967278,98
4294967278,209
4294967279,97
4294967278,208
4294967279,208
4294967278,207
4294967278,206
4294967279,206
4294967279,205
4294967278,201
4294967279,204
360,6
4294967278,203
360,5
4294967279,203
360,4
4294967278,202
360,3
360,2
360,1
4294967279,202
4294967279,87
4294967278,86
4294967279,86
4294967278,85
4294967278,197
4294967279,197
4294967278,83
4294967279,196
4294967278,195
140,4
4294967278,193
4294967279,193
4294967278,192
4294967279,192
4294967294,1545
4294967279,355
4294967278,75
139,4
358,5
358,4
4294967278,182
358,3
358,2
358,1
4294967279,178
138,4
357,4
357,3
357,2
357,1
4294967278,171
4294967278,57
4294967294,185
4294967294,460
4294967294,410
4294967294,455
4294967279,167
4294967294,1466
137,4
356,5
356,4
356,3
356,2
356,1
4294967278,155
136,4
355,4
355,3
355,2
355,1
135,4
354,4
354,3
354,2
354,1
134,4
353,4
353,3
353,2
353,1
4294967278,561
4294967279,350
4294967279,397
133,4
352,5
352,4
352,3
352,2
352,1
4294967278,337
4294967294,393
4294967294,389
132,4
351,4
351,3
351,2
351,1
4294967294,1544
131,4
350,6
350,5
350,4
350,3
350,2
350,1
130,4
349,5
349,4
349,3
349,2
349,1
129,4
348,4
348,3
348,2
348,1
128,4
347,4
347,3
347,2
347,1
4294967278,549
4294967294,192
4294967294,46
4294967278,191
4294967279,189
4294967279,191
346,5
4294967278,190
346,4
4294967279,190
346,3
346,2
346,1
4294967278,189
4294967294,423
4294967294,469
4294967278,74
4294967279,74
4294967278,547
4294967278,73
4294967279,260
4294967279,0
4294967279,73
4294967279,185
4294967278,184
4294967279,71
4294967279,184
4294967279,399
4294967278,183
4294967279,183
127,4
4294967278,181
4294967279,179
4294967279,181
4294967278,180
4294967279,180
4294967278,179
4294967294,2
4294967294,1496
4294967279,64
4294967278,63
4294967279,63
4294967278,173
4294967279,173
4294967278,172
4294967279,172
126,4
4294967279,171
4294967278,168
4294967279,170
344,4
344,3
344,2
344,1
4294967279,169
4294967294,0
4294967279,54
124,3
4294967278,53
4294967279,53
4294967279,396
4294967278,163
4294967279,163
4294967278,162
4294967279,162
125,4
343,5
343,4
343,3
343,2
343,1
4294967278,43
4294967278,340
342,6
342,5
342,4
342,3
342,2
342,1
0,7
4294967294,17
4294967294,99
4294967294,76
4294967294,5
4294967294,81
4294967294,50
4294967278,334
123,4
0,5
4294967294,22
4294967294,67
4294967278,260
4294967278,0
4294967294,38
4294967294,37
4294967294,45
4294967294,44
4294967294,509
339,6
339,5
339,4
339,3
339,2
339,1
4294967294,26
4294967294,53
4294967294,1
4294967294,29
4294967294,28
4294967294,27
4294967294,25
4294967279,395
4294967294,92
4294967294,91
4294967294,90
4294967294,88
4294967294,87
4294967294,86
4294967294,85
4294967294,84
4294967294,36
4294967294,41
4294967294,40
4294967294,39
4294967294,43
4294967294,51
4294967294,82
122,4
4294967294,7
4294967294,94
4294967294,96
4294967294,6
4294967294,93
4294967294,95
4294967294,42
4294967294,8
4294967294,9
4294967278,341
4294967278,336
4294967278,339
4294967279,398
121,4
337,5
4294967294,1458
337,4
337,3
337,2
337,1
